,FIPS,Result
0,17059,0
1,6103,0
2,42047,0
3,47147,0
4,39039,0
5,30083,0
6,46047,0
7,45013,0
8,18119,0
9,48333,0
10,53005,0
11,5097,0
12,48297,0
13,51141,0
14,54107,0
15,12103,0
16,51077,0
17,25015,0
18,47043,0
19,48363,0
20,31077,0
21,21043,0
22,28047,0
23,19193,0
24,18165,0
25,19141,0
26,46033,0
27,48209,0
28,21229,0
29,17097,0
30,29159,0
31,28149,0
32,48467,0
33,5053,0
34,31093,0
35,19143,0
36,13181,0
37,47127,0
38,21153,0
39,20143,0
40,22119,0
41,19119,0
42,47083,0
43,42095,0
44,6081,0
45,13313,0
46,5123,0
47,28039,0
48,51760,0
49,48245,0
50,41053,0
51,8025,0
52,5079,0
53,49043,0
54,48489,0
55,22057,0
56,1021,0
57,29185,0
58,29211,0
59,54081,0
60,6003,0
61,29225,0
62,33015,0
63,42071,0
64,20065,0
65,37097,0
66,48283,0
67,46083,0
68,31055,0
69,51580,0
70,37157,0
71,42033,0
72,55027,0
73,5137,0
74,13075,0
75,21123,0
76,48185,0
77,13245,0
78,13001,0
79,31139,0
80,38025,0
81,37151,0
82,40139,0
83,48101,0
84,42037,0
85,19079,0
86,12049,0
87,21131,0
88,13183,0
89,53035,0
90,48479,0
91,21063,0
92,20101,0
93,48415,0
94,51185,0
95,51043,0
96,36013,0
97,55119,0
98,45075,0
99,47101,0
100,26089,0
101,48367,0
102,37131,0
103,21205,0
104,47179,0
105,48093,0
106,5101,0
107,1093,0
108,31101,0
109,5069,0
110,8119,0
111,54037,0
112,13213,0
113,29089,0
114,48447,0
115,21141,0
116,28153,0
117,56023,0
118,45053,0
119,19045,0
120,21167,0
121,31127,0
122,5015,0
123,51159,0
124,28133,0
125,5045,0
126,39069,0
127,48381,0
128,13129,0
129,37041,0
130,51057,0
131,25005,0
132,22059,0
133,38017,0
134,26109,0
135,49037,0
136,48265,0
137,39129,0
138,20055,0
139,21121,0
140,31173,0
141,22035,0
142,8011,0
143,39027,0
144,17107,0
145,42021,0
146,37023,0
147,54003,0
148,31097,0
149,17141,0
150,48203,0
151,20011,0
152,23031,0
153,16027,0
154,48003,0
155,51600,0
156,13027,0
157,21021,0
158,42123,0
159,32015,0
160,15009,0
161,42057,0
162,53065,0
163,48211,0
164,13191,0
165,38071,0
166,36015,0
167,1063,0
168,13279,0
169,42125,0
170,42105,0
171,20207,0
172,13285,0
173,54059,0
174,29203,0
175,39025,0
176,47159,0
177,18155,0
178,36011,0
179,30073,0
180,39089,0
181,39065,0
182,6005,0
183,39115,0
184,48285,0
185,38067,0
186,31159,0
187,16037,0
188,36107,0
189,48083,0
190,45031,0
191,4023,0
192,47095,0
193,12081,0
194,46119,0
195,12045,0
196,40141,0
197,41015,0
198,48129,0
199,29083,0
200,17117,0
201,4003,0
202,46105,0
203,27009,0
204,19195,0
205,19039,0
206,18005,0
207,37083,0
208,39077,0
209,19147,0
210,27077,0
211,19009,0
212,13171,0
213,22007,0
214,29059,0
215,30057,0
216,19051,0
217,13015,0
218,48219,0
219,17053,0
220,28081,0
221,29093,0
222,46003,0
223,4027,0
224,53025,0
225,26121,0
226,21203,0
227,21211,0
228,44005,0
229,35005,0
230,30017,0
231,31107,0
232,20003,0
233,22103,0
234,5117,0
235,47107,0
236,20047,0
237,35059,0
238,41055,0
239,54027,0
240,13147,0
241,30055,0
242,20203,0
243,1051,0
244,18153,0
245,29043,0
246,8065,0
247,29135,0
248,31083,0
249,17065,0
250,12097,0
251,28111,0
252,1113,0
253,48501,0
254,49041,0
255,48057,0
256,28033,0
257,29061,0
258,48493,0
259,12125,0
260,51073,0
261,47149,0
262,46031,0
263,40085,0
264,40127,0
265,28015,0
266,41021,0
267,30033,0
268,24001,0
269,20151,0
270,35047,0
271,30075,0
272,13319,0
273,20135,0
274,48021,0
275,28121,0
276,51678,0
277,12027,0
278,30005,0
279,17113,0
280,16031,0
281,46023,0
282,46125,0
283,16021,0
284,47019,0
285,27111,0
286,38039,0
287,20153,0
288,48361,0
289,20195,0
290,40101,0
291,21199,0
292,55117,0
293,34039,0
294,16019,0
295,30009,0
296,19155,0
297,29105,0
298,23009,0
299,30101,0
300,8059,0
301,17069,0
302,29175,0
303,31051,0
304,56039,0
305,26131,0
306,48177,0
307,8027,0
308,23007,0
309,51145,0
310,51087,0
311,20157,0
312,13017,0
313,4025,0
314,53053,0
315,19095,0
316,13237,0
317,13035,0
318,40045,0
319,29091,0
320,48263,0
321,20027,0
322,46045,0
323,48421,0
324,48009,0
325,49057,0
326,29129,0
327,8063,0
328,48455,0
329,28123,0
330,48393,0
331,26081,0
332,26155,0
333,17143,0
334,53067,0
335,21105,0
336,24009,0
337,1025,0
338,27067,0
339,19075,0
340,12037,0
341,29151,0
342,40099,0
343,1105,0
344,16071,0
345,17199,0
346,48061,0
347,1039,0
348,8097,0
349,27091,0
350,42099,0
351,42117,0
352,13077,0
353,51520,0
354,36051,0
355,54025,0
356,30049,0
357,1079,0
358,37117,0
359,48133,0
360,42041,0
361,49007,0
362,47143,0
363,55039,0
364,51121,0
365,5029,0
366,12051,0
367,42091,0
368,53041,0
369,31169,0
370,37185,0
371,26099,0
372,47155,0
373,6111,0
374,29029,0
375,13081,0
376,5111,0
377,51133,0
378,6057,0
379,21225,0
380,48141,0
381,28073,0
382,27135,0
383,37129,0
384,37025,0
385,29221,0
386,51089,0
387,28125,0
388,46129,0
389,28003,0
390,1123,0
391,39017,0
392,6097,0
393,4021,0
394,38031,0
395,48405,0
396,41049,0
397,41041,0
398,26009,0
399,6093,0
400,53075,0
401,40049,0
402,8005,0
403,40025,0
404,21177,0
405,53001,0
406,19019,0
407,39043,0
408,34001,0
409,31113,0
410,27145,0
411,47105,0
412,36117,0
413,48043,0
414,45063,0
415,16057,0
416,48157,0
417,12073,0
418,41067,0
419,29187,0
420,8049,0
421,40133,0
422,37183,0
423,54005,0
424,18045,0
425,19069,0
426,48111,0
427,27001,0
428,54057,0
429,21065,0
430,48341,0
431,47077,0
432,28135,0
433,1013,0
434,40145,0
435,1111,0
436,37111,0
437,13011,0
438,12129,0
439,17103,0
440,1077,0
441,45089,0
442,51187,0
443,13013,0
444,31087,0
445,17091,0
446,13293,0
447,48461,0
448,28107,0
449,8041,0
450,5049,0
451,27073,0
452,36055,0
453,13259,0
454,51155,0
455,35001,0
456,47025,0
457,41039,0
458,39139,0
459,36109,0
460,48199,0
461,19037,0
462,13311,0
463,51165,0
464,17077,0
465,29001,0
466,54011,0
467,56035,0
468,51135,0
469,25001,0
470,21175,0
471,28005,0
472,26135,0
473,35015,0
474,29197,0
475,34037,0
476,53009,0
477,27033,0
478,22047,0
479,37171,0
480,51003,0
481,54041,0
482,17155,0
483,5075,0
484,32029,0
485,30019,0
486,39099,0
487,8107,0
488,37069,0
489,27031,0
490,6089,0
491,13227,0
492,51011,0
493,36113,0
494,54061,0
495,18135,0
496,21221,0
497,17011,0
498,29169,0
499,29081,0
500,12087,0
501,17001,0
502,21117,0
503,47035,0
504,21109,0
505,55025,0
506,28069,0
507,56015,0
508,21159,0
509,17203,0
510,37135,0
511,5011,0
512,28151,0
513,48449,0
514,22067,0
515,37199,0
516,21137,0
517,30065,0
518,55131,0
519,20021,0
520,26129,0
521,48507,0
522,21037,0
523,13083,0
524,17137,0
525,48053,0
526,18041,0
527,17167,0
528,42023,0
529,42081,0
530,17041,0
531,20161,0
532,30093,0
533,54063,0
534,48491,0
535,19179,0
536,51071,0
537,26113,0
538,8015,0
539,19061,0
540,27049,0
541,31011,0
542,48357,0
543,34027,0
544,20023,0
545,26107,0
546,13255,0
547,5093,0
548,53063,0
549,45067,0
550,46123,0
551,38007,0
552,29117,0
553,18159,0
554,37139,0
555,29127,0
556,13123,0
557,13283,0
558,31073,0
559,51103,0
560,36119,0
561,13229,0
562,48281,0
563,6039,0
564,13023,0
565,48193,0
566,48391,0
567,5091,0
568,24035,0
569,17179,0
570,1055,0
571,55141,0
572,25007,0
573,24015,0
574,29227,0
575,48031,0
576,20175,0
577,41059,0
578,27087,0
579,41061,0
580,48307,0
581,56005,0
582,21081,0
583,44001,0
584,28163,0
585,51670,0
586,18017,0
587,12013,0
588,28137,0
589,48135,0
590,49019,0
591,48113,0
592,42131,0
593,13261,0
594,17187,0
595,19127,0
596,41071,0
597,19133,0
598,40013,0
599,21049,0
600,54019,0
601,21135,0
602,29223,0
603,24031,0
604,55109,0
605,55001,0
606,8093,0
607,55053,0
608,47011,0
609,13009,0
610,13003,0
611,48471,0
612,12085,0
613,21047,0
614,51685,0
615,5139,0
616,48271,0
617,56007,0
618,54015,0
619,6115,0
620,17129,0
621,37039,0
622,29087,0
623,29013,0
624,56013,0
625,51680,0
626,51047,0
627,35027,0
628,29069,0
629,5133,0
630,29095,0
631,18163,0
632,36063,0
633,37061,0
634,40063,0
635,38019,0
636,20005,0
637,48229,0
638,32027,0
639,19181,0
640,13267,0
641,17007,0
642,48137,0
643,8035,0
644,34025,0
645,18007,0
646,4013,0
647,54073,0
648,26045,0
649,29011,0
650,55135,0
651,30071,0
652,12093,0
653,6107,0
654,1011,0
655,29035,0
656,31069,0
657,26037,0
658,23003,0
659,13063,0
660,19109,0
661,42079,0
662,39107,0
663,19103,0
664,39047,0
665,50005,0
666,47051,0
667,39105,0
668,38091,0
669,54089,0
670,42051,0
671,51081,0
672,22055,0
673,51029,0
674,51093,0
675,22025,0
676,51750,0
677,35011,0
678,49005,0
679,48197,0
680,31125,0
681,1107,0
682,45085,0
683,51061,0
684,13091,0
685,5131,0
686,49045,0
687,39159,0
688,19053,0
689,37193,0
690,13149,0
691,18105,0
692,17115,0
693,20089,0
694,28099,0
695,48373,0
696,51157,0
697,31081,0
698,27125,0
699,1035,0
700,13163,0
701,31057,0
702,13257,0
703,18109,0
704,28053,0
705,13211,0
706,22017,0
707,12039,0
708,13043,0
709,18075,0
710,40029,0
711,18111,0
712,18009,0
713,29033,0
714,24047,0
715,6085,0
716,45079,0
717,46011,0
718,48145,0
719,49039,0
720,45051,0
721,39113,0
722,12086,0
723,21223,0
724,39057,0
725,18157,0
726,18133,0
727,28021,0
728,53061,0
729,6019,0
730,45087,0
731,37085,0
732,48407,0
733,47165,0
734,41037,0
735,35035,0
736,5003,0
737,18029,0
738,48231,0
739,24043,0
740,51017,0
741,8021,0
742,27053,0
743,18145,0
744,37031,0
745,18087,0
746,5063,0
747,31017,0
748,51710,0
749,45047,0
750,30039,0
751,31035,0
752,13039,0
753,12061,0
754,18123,0
755,39119,0
756,26071,0
757,37063,0
758,37169,0
759,24039,0
760,5037,0
761,25021,0
762,42133,0
763,8077,0
764,13021,0
765,6075,0
766,37093,0
767,37055,0
768,21071,0
769,38105,0
770,53045,0
771,17147,0
772,48005,0
773,20001,0
774,34029,0
775,20099,0
776,22079,0
777,13239,0
778,51079,0
779,31105,0
780,13249,0
781,34009,0
782,47181,0
783,51015,0
784,45071,0
785,19031,0
786,31109,0
787,55137,0
788,39063,0
789,5017,0
790,54035,0
791,26061,0
792,28101,0
793,8087,0
794,31043,0
795,21039,0
796,39009,0
797,13269,0
798,30067,0
799,48445,0
800,41017,0
801,41057,0
802,48473,0
803,51021,0
804,21219,0
805,6091,0
806,30111,0
807,41023,0
808,13177,0
809,39067,0
810,28093,0
811,48171,0
812,48139,0
813,50017,0
814,38081,0
815,35017,0
816,51117,0
817,51161,0
818,19157,0
819,26157,0
820,47135,0
821,13153,0
822,48431,0
823,20075,0
824,20069,0
825,38051,0
826,13061,0
827,16053,0
828,50025,0
829,47085,0
830,9007,0
831,27061,0
832,27081,0
833,51153,0
834,46071,0
835,50015,0
836,39061,0
837,19035,0
838,1133,0
839,21061,0
840,19145,0
841,36043,0
842,42039,0
843,19113,0
844,48247,0
845,21171,0
846,47133,0
847,46097,0
848,35013,0
849,22071,0
850,22015,0
851,35019,0
852,37145,0
853,37081,0
854,41069,0
855,29189,0
856,4015,0
857,21227,0
858,39051,0
859,47063,0
860,42053,0
861,39095,0
862,37059,0
863,42111,0
864,36017,0
865,35053,0
866,48067,0
867,18057,0
868,6101,0
869,48465,0
870,51740,0
871,20037,0
872,17093,0
873,40055,0
874,26117,0
875,27071,0
876,48201,0
877,1095,0
878,13223,0
879,39001,0
880,54029,0
881,27035,0
882,12067,0
883,12019,0
884,22075,0
885,26051,0
886,29171,0
887,54013,0
888,26073,0
889,48291,0
890,51660,0
891,39007,0
892,37077,0
893,41003,0
894,26125,0
895,25017,0
896,17099,0
897,37013,0
898,20013,0
899,27107,0
900,28077,0
901,21235,0
902,31071,0
903,19027,0
904,28159,0
905,39109,0
906,6041,0
907,30077,0
908,48419,0
909,20073,0
910,37067,0
911,55013,0
912,30013,0
913,42065,0
914,20167,0
915,53043,0
916,29045,0
917,48241,0
918,22121,0
919,22013,0
920,13241,0
921,8029,0
922,8121,0
923,19167,0
924,18049,0
925,1125,0
926,20169,0
927,36003,0
928,20129,0
929,18023,0
930,51031,0
931,22097,0
932,16051,0
933,27147,0
934,48039,0
935,20139,0
936,12095,0
937,51650,0
938,1087,0
939,54069,0
940,39133,0
941,21001,0
942,17073,0
943,47169,0
944,29201,0
945,42011,0
946,40137,0
947,40047,0
948,48435,0
949,49017,0
950,40105,0
951,30027,0
952,26025,0
953,27171,0
954,45077,0
955,17071,0
956,47041,0
957,21067,0
958,12065,0
959,42043,0
960,19187,0
961,27093,0
962,48045,0
963,21003,0
964,45033,0
965,55055,0
966,8091,0
967,27063,0
968,45057,0
969,45037,0
970,16081,0
971,56027,0
972,22001,0
973,20017,0
974,13029,0
975,48323,0
976,46085,0
977,54093,0
978,36019,0
979,19165,0
980,45003,0
981,51810,0
982,26053,0
983,22045,0
984,38003,0
985,12099,0
986,40115,0
987,1091,0
988,51023,0
989,13085,0
990,36007,0
991,45041,0
992,22023,0
993,51053,0
994,40131,0
995,6001,0
996,19091,0
997,19097,0
998,13131,0
999,13179,0
1000,30007,0
1001,36001,0
1002,49011,0
1003,48397,0
1004,51139,0
1005,34011,0
1006,31137,0
1007,55113,0
1008,21051,0
1009,40143,0
1010,48081,0
1011,38059,0
1012,20137,0
1013,13189,0
1014,6055,0
1015,22065,0
1016,55033,0
1017,1081,0
1018,31001,0
1019,25009,0
1020,13215,0
1021,20131,0
1022,8073,0
1023,17039,0
1024,1083,0
1025,21213,0
1026,13219,0
1027,17157,0
1028,48153,0
1029,54001,0
1030,54083,0
1031,9015,0
1032,4017,0
1033,29145,0
1034,5099,0
1035,39147,0
1036,48261,0
1037,28071,0
1038,47117,0
1039,13187,0
1040,40149,0
1041,20171,0
1042,5035,0
1043,13231,0
1044,40009,0
1045,38069,0
1046,31117,0
1047,47073,0
1048,13071,0
1049,37091,0
1050,27045,0
1051,8013,0
1052,13197,0
1053,32005,0
1054,17161,0
1055,12023,0
1056,40059,0
1057,42127,0
1058,37149,0
1059,39149,0
1060,47055,0
1061,8099,0
1062,20031,0
1063,16083,0
1064,29183,0
1065,13047,0
1066,23011,0
1067,17193,0
1068,22005,0
1069,48249,0
1070,34031,0
1071,18183,0
1072,51001,0
1073,19007,0
1074,13295,0
1075,34019,0
1076,55079,0
1077,17027,0
1078,41029,0
1079,25027,0
1080,36035,0
1081,40019,0
1082,32013,0
1083,23015,0
1084,5055,0
1085,46069,0
1086,51177,0
1087,27103,0
1088,31033,0
1089,47175,0
1090,1047,0
1091,40095,0
1092,55077,0
1093,19169,0
1094,49051,0
1095,55125,0
1096,26145,0
1097,4009,0
1098,47037,0
1099,36077,0
1100,54105,0
1101,27017,0
1102,12053,0
1103,39059,0
1104,21095,0
1105,32023,0
1106,13199,0
1107,55069,0
1108,47161,0
1109,29015,0
1110,21085,0
1111,28113,0
1112,13169,0
1113,53003,0
1114,48169,0
1115,13265,0
1116,17003,0
1117,16087,0
1118,41009,0
1119,19149,0
1120,22027,0
1121,48047,0
1122,46043,0
1123,18003,0
1124,17013,0
1125,51700,0
1126,29097,0
1127,54021,0
1128,55093,0
1129,46061,0
1130,5085,0
1131,46015,0
1132,6043,0
1133,13235,0
1134,48025,0
1135,18013,0
1136,35006,0
1137,36037,0
1138,27129,0
1139,23017,0
1140,18115,0
1141,42059,0
1142,48075,0
1143,26147,0
1144,26063,0
1145,53077,0
1146,21077,0
1147,21093,0
1148,18065,0
1149,27023,0
1150,29139,0
1151,27059,0
1152,32003,0
1153,21197,0
1154,49049,0
1155,1115,0
1156,40075,0
1157,51143,0
1158,16039,0
1159,16011,0
1160,6017,0
1161,37011,0
1162,29133,0
1163,55075,0
1164,36059,0
1165,30097,0
1166,26065,0
1167,40039,0
1168,18043,0
1169,18127,0
1170,48485,0
1171,23001,0
1172,36021,0
1173,32510,0
1174,51036,0
1175,38103,0
1176,18091,0
1177,28091,0
1178,13117,0
1179,47053,0
1180,47023,0
1181,18081,0
1182,20117,0
1183,33007,0
1184,40027,0
1185,50009,0
1186,48097,0
1187,48041,0
1188,36053,0
1189,16079,0
1190,36005,0
1191,47097,0
1192,37175,0
1193,21191,0
1194,51097,0
1195,5027,0
1196,21035,0
1197,17019,0
1198,37009,0
1199,48313,0
1200,20059,0
1201,13205,0
1202,22063,0
1203,40003,0
1204,18055,0
1205,41033,0
1206,28049,0
1207,19177,0
1208,28043,0
1209,13165,0
1210,53057,0
1211,51610,0
1212,27139,0
1213,16009,0
1214,22093,0
1215,38005,0
1216,48147,0
1217,48423,0
1218,54099,0
1219,31031,0
1220,1029,0
1221,22085,0
1222,30041,0
1223,1041,0
1224,46041,0
1225,41051,0
1226,47131,0
1227,51169,0
1228,18071,0
1229,51830,0
1230,34023,0
1231,8055,0
1232,28105,0
1233,48309,0
1234,6105,0
1235,21057,0
1236,18073,0
1237,28031,0
1238,4019,0
1239,56033,0
1240,40107,0
1241,48335,0
1242,17025,0
1243,1065,0
1244,51051,0
1245,31145,0
1246,28027,0
1247,39161,0
1248,53047,0
1249,41001,0
1250,37109,0
1251,51199,0
1252,51173,0
1253,41065,0
1254,48495,0
1255,55121,0
1256,30011,0
1257,21099,0
1258,27141,0
1259,37123,0
1260,47061,0
1261,41007,0
1262,1019,0
1263,31141,0
1264,51197,0
1265,19047,0
1266,55035,0
1267,13209,0
1268,20015,0
1269,21207,0
1270,21097,0
1271,31091,0
1272,36047,0
1273,48109,0
1274,29049,0
1275,5149,0
1276,31135,0
1277,48477,0
1278,27161,0
1279,45007,0
1280,13119,0
1281,48497,0
1282,42077,0
1283,47103,0
1284,40035,0
1285,49035,0
1286,20063,0
1287,18079,0
1288,13125,0
1289,17191,0
1290,44003,0
1291,48317,0
1292,38089,0
1293,48505,0
1294,13069,0
1295,28087,0
1296,29085,0
1297,12105,0
1298,54023,0
1299,51101,0
1300,19093,0
1301,51800,0
1302,8045,0
1303,28037,0
1304,20123,0
1305,30087,0
1306,47111,0
1307,51775,0
1308,1033,0
1309,1061,0
1310,41063,0
1311,40135,0
1312,13145,0
1313,29077,0
1314,30079,0
1315,16035,0
1316,28001,0
1317,48023,0
1318,40021,0
1319,48267,0
1320,54067,0
1321,5119,0
1322,40083,0
1323,48251,0
1324,21183,0
1325,27027,0
1326,23013,0
1327,13139,0
1328,28009,0
1329,51025,0
1330,13095,0
1331,41027,0
1332,39033,0
1333,35031,0
1334,38047,0
1335,36105,0
1336,51690,0
1337,30023,0
1338,29047,0
1339,12071,0
1340,48191,0
1341,21075,0
1342,19057,0
1343,18063,0
1344,40113,0
1345,22101,0
1346,38087,0
1347,13289,0
1348,37121,0
1349,45017,0
1350,36071,0
1351,46095,0
1352,48441,0
1353,47071,0
1354,13109,0
1355,19055,0
1356,12091,0
1357,48409,0
1358,48115,0
1359,21173,0
1360,13159,0
1361,27117,0
1362,45065,0
1363,17021,0
1364,47087,0
1365,36079,0
1366,8115,0
1367,10001,0
1368,45039,0
1369,22091,0
1370,24041,0
1371,21165,0
1372,25013,0
1373,36067,0
1374,31089,0
1375,38001,0
1376,46075,0
1377,29053,0
1378,27127,0
1379,6073,0
1380,8069,0
1381,51175,0
1382,21107,0
1383,13143,0
1384,18051,0
1385,54051,0
1386,6065,0
1387,17183,0
1388,35043,0
1389,21089,0
1390,16077,0
1391,22043,0
1392,48155,0
1393,19189,0
1394,22037,0
1395,55023,0
1396,40097,0
1397,51127,0
1398,1009,0
1399,37147,0
1400,37103,0
1401,47065,0
1402,55101,0
1403,29137,0
1404,31151,0
1405,27109,0
1406,36027,0
1407,6045,0
1408,54039,0
1409,8001,0
1410,21027,0
1411,48403,0
1412,21013,0
1413,29123,0
1414,46079,0
1415,31121,0
1416,5107,0
1417,34015,0
1418,18121,0
1419,1099,0
1420,6067,0
1421,38099,0
1422,28103,0
1423,53015,0
1424,39175,0
1425,39029,0
1426,31009,0
1427,48223,0
1428,51683,0
1429,29037,0
1430,16085,0
1431,38075,0
1432,21189,0
1433,29181,0
1434,19085,0
1435,37161,0
1436,46121,0
1437,37195,0
1438,48417,0
1439,37113,0
1440,48007,0
1441,51179,0
1442,12015,0
1443,4012,0
1444,29063,0
1445,24045,0
1446,55099,0
1447,36041,0
1448,31079,0
1449,44009,0
1450,16049,0
1451,39049,0
1452,20209,0
1453,47069,0
1454,29205,0
1455,5007,0
1456,6029,0
1457,5021,0
1458,35045,0
1459,21031,0
1460,21025,0
1461,48163,0
1462,46017,0
1463,48095,0
1464,55123,0
1465,12077,0
1466,53013,0
1467,37143,0
1468,27159,0
1469,19025,0
1470,6087,0
1471,27153,0
1472,1007,0
1473,31039,0
1474,49029,0
1475,21041,0
1476,48503,0
1477,27173,0
1478,55063,0
1479,29115,0
1480,27005,0
1481,29125,0
1482,48325,0
1483,40053,0
1484,48459,0
1485,56019,0
1486,17125,0
1487,48395,0
1488,29021,0
1489,6047,0
1490,46077,0
1491,55105,0
1492,38027,0
1493,5105,0
1494,51033,0
1495,54047,0
1496,28155,0
1497,28097,0
1498,13321,0
1499,26159,0
1500,51113,0
1501,13127,0
1502,27121,0
1503,51085,0
1504,25003,0
1505,55059,0
1506,39127,0
1507,5071,0
1508,47125,0
1509,8037,0
1510,38045,0
1511,17153,0
1512,29067,0
1513,48481,0
1514,30015,0
1515,13207,0
1516,18113,0
1517,18039,0
1518,20205,0
1519,13217,0
1520,21111,0
1521,48117,0
1522,45049,0
1523,17095,0
1524,18095,0
1525,29027,0
1526,51540,0
1527,37027,0
1528,54055,0
1529,51059,0
1530,48189,0
1531,37179,0
1532,53055,0
1533,48063,0
1534,21127,0
1535,47045,0
1536,51119,0
1537,1085,0
1538,13037,0
1539,47089,0
1540,40067,0
1541,8101,0
1542,17119,0
1543,26059,0
1544,12047,0
1545,18021,0
1546,28131,0
1547,12109,0
1548,51109,0
1549,39003,0
1550,55095,0
1551,34035,0
1552,42107,0
1553,48293,0
1554,37087,0
